20 20

				    SAMPLE 1 
Number of colors of the found solution: 6
SOLUTION: 11 12 10 19 2 9 
GRAPH ----------------------------------------
position) color(freq): (arcs)
0) 11(9): (8,14) (7,12) (6,7) (5,9) (5,6) (4,15) (4,7) (1,6) (0,15) 
1) 12(6): (9,12) (7,11) (4,8) (1,17) (0,14) (0,11) 
2) 10(8): (9,16) (8,13) (5,7) (3,4) (1,16) (0,19) (0,5) (0,4) 
3) 19(6): (10,17) (9,18) (7,18) (6,9) (3,17) (2,6) 
4) 2(6): (10,19) (5,11) (3,15) (2,15) (1,12) (1,4) 
5) 9(5): (15,18) (9,13) (8,11) (6,8) (4,19) 

===============================================================================


				    SAMPLE 2 
Number of colors of the found solution: 5
SOLUTION: 17 10 15 7 14 
GRAPH ----------------------------------------
position) color(freq): (arcs)
0) 17(11): (12,13) (10,12) (8,10) (7,19) (7,11) (3,15) (3,8) (2,18) (1,18) (1,15) (0,5) 
1) 10(8): (12,18) (8,14) (6,15) (5,15) (2,7) (1,7) (0,16) (0,11) 
2) 15(5): (10,14) (9,10) (4,19) (0,9) (0,4) 
3) 7(2): (13,16) (12,17) 
4) 14(7): (14,18) (7,12) (6,10) (5,8) (4,7) (3,9) (0,17) 

===============================================================================


				    SAMPLE 3 
Number of colors of the found solution: 6
SOLUTION: 12 1 19 13 6 15 
GRAPH ----------------------------------------
position) color(freq): (arcs)
0) 12(10): (5,18) (5,15) (5,13) (3,15) (3,13) (3,6) (1,11) (0,14) (0,10) (0,9) 
1) 1(11): (13,18) (4,6) (3,7) (2,10) (2,9) (1,19) (1,15) (1,12) (1,8) (1,7) (0,1) 
2) 19(5): (6,11) (5,19) (5,16) (1,17) (0,4) 
3) 13(6): (5,7) (4,16) (4,12) (0,8) (0,5) (0,3) 
4) 6(3): (15,17) (7,13) (2,7) 
5) 15(5): (6,9) (4,18) (2,11) (1,14) (1,5) 

===============================================================================


				    SAMPLE 4 
Number of colors of the found solution: 6
SOLUTION: 7 17 4 0 19 10 
GRAPH ----------------------------------------
position) color(freq): (arcs)
0) 7(9): (12,19) (12,18) (12,17) (9,15) (8,18) (7,11) (5,17) (1,16) (0,14) 
1) 17(6): (15,17) (14,19) (8,9) (7,15) (3,7) (1,14) 
2) 4(6): (16,19) (10,15) (10,13) (5,13) (1,3) (0,2) 
3) 0(8): (18,19) (17,18) (7,18) (6,15) (5,6) (4,17) (3,8) (0,10) 
4) 19(6): (14,16) (10,11) (8,11) (3,5) (2,18) (0,3) 
5) 10(2): (4,5) (1,11) 

===============================================================================


				    SAMPLE 5 
Number of colors of the found solution: 6
SOLUTION: 15 17 13 0 12 4 
GRAPH ----------------------------------------
position) color(freq): (arcs)
0) 15(8): (17,19) (11,19) (11,17) (9,17) (6,12) (6,9) (5,10) (3,4) 
1) 17(8): (7,9) (6,10) (5,8) (3,9) (3,8) (1,7) (1,4) (0,18) 
2) 13(7): (17,18) (8,15) (6,16) (6,7) (2,16) (2,4) (1,19) 
3) 0(6): (14,16) (7,15) (5,7) (4,12) (0,14) (0,6) 
4) 12(3): (12,13) (6,14) (5,6) 
5) 4(4): (11,14) (10,13) (6,15) (4,15) 

===============================================================================


				    SAMPLE 6 
Number of colors of the found solution: 5
SOLUTION: 16 9 8 6 1 
GRAPH ----------------------------------------
position) color(freq): (arcs)
0) 16(9): (11,18) (10,16) (8,17) (8,12) (6,12) (4,7) (3,15) (3,11) (0,14) 
1) 9(7): (8,14) (7,18) (6,9) (5,15) (4,17) (1,14) (1,7) 
2) 8(9): (6,17) (5,7) (3,14) (3,12) (3,6) (2,6) (2,4) (1,19) (0,16) 
3) 6(5): (13,14) (7,10) (5,10) (2,19) (0,15) 
4) 1(3): (10,18) (9,12) (1,13) 

===============================================================================


				    SAMPLE 7 
Number of colors of the found solution: 6
SOLUTION: 5 0 14 7 12 3 
GRAPH ----------------------------------------
position) color(freq): (arcs)
0) 5(9): (18,19) (7,9) (5,13) (4,7) (2,9) (2,8) (2,5) (1,19) (0,19) 
1) 0(6): (12,18) (10,13) (7,12) (4,10) (1,10) (0,7) 
2) 14(6): (10,14) (7,14) (4,11) (2,6) (1,8) (0,1) 
3) 7(6): (11,19) (11,15) (6,10) (5,17) (1,12) (1,6) 
4) 12(4): (5,16) (3,17) (2,3) (0,5) 
5) 3(6): (8,16) (4,14) (2,19) (1,9) (1,4) (0,15) 

===============================================================================


				    SAMPLE 8 
Number of colors of the found solution: 6
SOLUTION: 12 14 6 3 10 5 
GRAPH ----------------------------------------
position) color(freq): (arcs)
0) 12(9): (16,18) (12,16) (12,15) (11,13) (8,16) (7,15) (1,19) (1,5) (0,6) 
1) 14(8): (13,18) (11,12) (9,13) (7,13) (7,8) (6,16) (2,19) (0,18) 
2) 6(7): (8,18) (6,19) (4,19) (3,14) (2,5) (1,14) (0,1) 
3) 3(6): (10,19) (5,9) (3,13) (3,11) (3,6) (1,9) 
4) 10(7): (13,16) (11,15) (10,12) (8,13) (7,18) (7,17) (0,11) 
5) 5(5): (11,18) (6,18) (4,17) (4,9) (1,16) 

===============================================================================


				    SAMPLE 9 
Number of colors of the found solution: 5
SOLUTION: 8 13 7 2 9 
GRAPH ----------------------------------------
position) color(freq): (arcs)
0) 8(8): (8,16) (8,10) (7,18) (7,9) (4,10) (4,9) (2,18) (1,5) 
1) 13(7): (18,19) (14,18) (14,15) (9,12) (1,13) (0,16) (0,7) 
2) 7(6): (5,13) (3,10) (3,6) (3,5) (2,17) (1,12) 
3) 2(4): (10,11) (6,17) (5,19) (3,15) 
4) 9(1): (2,11) 

===============================================================================


				    SAMPLE 10 
Number of colors of the found solution: 5
SOLUTION: 2 7 12 14 6 
GRAPH ----------------------------------------
position) color(freq): (arcs)
0) 2(7): (11,16) (10,13) (7,12) (2,13) (2,6) (1,10) (1,2) 
1) 7(7): (12,18) (5,16) (4,6) (2,7) (1,8) (0,12) (0,10) 
2) 12(8): (11,18) (11,12) (9,18) (7,17) (6,17) (5,7) (3,16) (2,19) 
3) 14(7): (11,15) (9,19) (9,12) (8,15) (7,9) (5,11) (3,8) 
4) 6(4): (11,14) (7,19) (2,4) (1,14) 

===============================================================================



************************ SPERIMENTALS EXECUTING VALUES: ************************

			   Average Value: 5.600000
			   Average Time (msec): 2.200000
