50 25

				    SAMPLE 1 
Number of colors of the found solution: 4
SOLUTION: 18 2 8 7 
GRAPH ----------------------------------------
position) color(freq): (arcs)
0) 18(34): (39,42) (38,43) (31,48) (31,47) (26,34) (26,31) (26,30) (24,29) (22,28) (21,28) (16,49) (15,49) (15,45) (12,20) (11,32) (9,49) (8,37) (8,34) (8,10) (7,42) (7,33) (6,39) (6,8) (5,33) (5,29) (4,11) (0,45) (0,36) (0,34) (0,25) (0,17) (0,15) (0,12) (0,11) 
1) 2(33): (38,45) (36,46) (35,42) (33,40) (24,35) (23,39) (22,41) (22,33) (21,33) (20,32) (20,27) (19,20) (17,43) (16,25) (12,47) (12,32) (10,12) (9,42) (9,35) (9,34) (9,33) (9,27) (9,23) (8,14) (8,9) (7,16) (7,13) (4,40) (3,4) (2,27) (2,13) (2,6) (1,40) 
2) 8(26): (47,49) (34,43) (30,41) (26,44) (26,39) (24,47) (19,36) (18,35) (14,48) (14,18) (13,39) (12,30) (11,45) (10,41) (10,36) (10,21) (10,15) (10,14) (9,43) (7,46) (7,44) (7,10) (6,34) (3,15) (3,10) (1,35) 
3) 7(32): (46,47) (39,45) (37,42) (28,38) (28,36) (26,37) (25,44) (25,34) (21,36) (21,34) (21,29) (20,39) (18,43) (17,49) (17,24) (16,47) (15,21) (14,26) (13,21) (12,23) (8,31) (7,26) (6,16) (4,14) (3,46) (3,8) (2,33) (2,30) (1,29) (1,15) (0,10) (0,1) 

===============================================================================


				    SAMPLE 2 
Number of colors of the found solution: 4
SOLUTION: 10 5 21 11 
GRAPH ----------------------------------------
position) color(freq): (arcs)
0) 10(34): (35,44) (33,38) (31,42) (26,45) (26,35) (25,38) (23,31) (23,25) (22,29) (21,39) (19,45) (19,32) (19,25) (18,32) (17,43) (16,40) (15,21) (14,33) (14,19) (14,16) (12,17) (11,48) (10,33) (10,21) (7,10) (6,38) (3,45) (3,42) (2,45) (2,44) (1,24) (1,15) (1,9) (0,3) 
1) 5(32): (35,37) (31,32) (28,38) (27,39) (21,49) (20,46) (20,44) (19,24) (18,36) (18,22) (16,28) (15,39) (14,47) (14,34) (14,25) (14,24) (13,42) (10,32) (10,24) (10,22) (9,44) (8,37) (8,11) (6,45) (5,34) (4,40) (3,13) (2,5) (1,31) (1,22) (0,48) (0,29) 
2) 21(33): (35,46) (29,43) (27,44) (25,41) (24,32) (24,26) (23,24) (22,41) (21,25) (17,38) (15,37) (15,27) (14,46) (14,23) (13,18) (13,16) (12,43) (11,46) (9,27) (8,35) (7,47) (7,23) (4,20) (3,35) (3,34) (3,30) (3,27) (2,34) (2,22) (0,36) (0,35) (0,27) (0,11) 
3) 11(32): (36,39) (31,48) (31,41) (24,36) (20,49) (20,41) (20,36) (20,32) (20,28) (20,22) (17,41) (16,27) (16,18) (15,48) (15,19) (14,26) (13,26) (12,24) (10,39) (10,35) (8,30) (5,45) (5,37) (5,24) (4,26) (4,23) (4,5) (3,46) (3,40) (3,33) (3,16) (3,12) 

===============================================================================


				    SAMPLE 3 
Number of colors of the found solution: 5
SOLUTION: 3 2 13 7 8 
GRAPH ----------------------------------------
position) color(freq): (arcs)
0) 3(35): (29,36) (17,23) (16,35) (15,20) (14,39) (13,35) (13,19) (13,18) (12,16) (12,15) (11,25) (10,19) (8,19) (7,49) (7,47) (7,37) (7,22) (6,49) (6,29) (6,19) (6,16) (5,43) (5,17) (4,49) (4,22) (4,12) (4,11) (3,36) (2,42) (2,28) (1,20) (1,17) (0,30) (0,15) (0,10) 
1) 2(35): (15,42) (15,39) (15,36) (14,36) (14,34) (14,19) (13,47) (13,45) (13,24) (12,31) (11,46) (11,44) (11,16) (10,44) (10,36) (9,34) (9,32) (9,15) (7,23) (7,14) (6,41) (6,20) (5,23) (4,48) (4,47) (4,36) (4,18) (3,47) (3,32) (3,31) (2,7) (1,38) (1,4) (0,19) (0,14) 
2) 13(25): (15,33) (14,21) (14,20) (13,41) (13,39) (13,32) (12,48) (12,44) (12,33) (12,30) (12,17) (10,40) (10,34) (9,48) (7,35) (7,28) (7,21) (7,20) (7,12) (5,40) (4,40) (3,24) (2,26) (1,26) (0,45) 
3) 7(25): (39,43) (38,40) (24,41) (17,46) (15,46) (15,28) (15,23) (15,21) (13,31) (13,14) (11,39) (11,18) (11,12) (10,20) (9,46) (9,37) (9,17) (8,20) (7,36) (3,12) (2,25) (1,49) (1,48) (1,12) (0,20) 
4) 8(24): (16,37) (16,28) (13,15) (12,32) (11,19) (10,23) (9,29) (9,24) (9,10) (8,36) (8,23) (7,16) (5,29) (5,22) (3,27) (3,17) (2,41) (2,8) (1,45) (1,41) (1,40) (1,35) (1,30) (0,27) 

===============================================================================


				    SAMPLE 4 
Number of colors of the found solution: 6
SOLUTION: 9 15 4 10 20 23 
GRAPH ----------------------------------------
position) color(freq): (arcs)
0) 9(32): (41,45) (33,43) (14,44) (14,43) (13,42) (13,16) (12,43) (12,20) (10,45) (10,23) (9,44) (9,33) (9,30) (8,13) (7,46) (7,41) (7,37) (7,12) (7,11) (6,48) (5,46) (5,41) (5,34) (5,9) (4,45) (4,43) (3,15) (2,43) (1,43) (1,7) (0,48) (0,1) 
1) 15(26): (16,22) (16,20) (15,42) (15,37) (15,31) (15,28) (15,26) (15,16) (14,17) (11,12) (10,49) (10,12) (6,31) (6,21) (6,19) (5,39) (4,44) (4,41) (4,24) (4,11) (3,34) (2,36) (2,32) (2,26) (1,48) (1,34) 
2) 4(25): (25,49) (23,32) (19,45) (15,48) (15,40) (13,35) (11,48) (11,47) (10,36) (10,11) (9,49) (9,39) (9,31) (8,47) (7,44) (6,43) (6,30) (5,24) (4,26) (3,20) (2,49) (2,30) (2,5) (1,38) (0,3) 
3) 10(24): (16,28) (15,38) (15,18) (15,17) (13,18) (11,46) (11,43) (11,25) (11,19) (10,20) (10,14) (8,27) (7,45) (7,29) (7,26) (7,14) (6,26) (4,20) (3,29) (2,17) (2,7) (1,21) (1,20) (0,38) 
4) 20(25): (17,21) (16,45) (13,27) (12,24) (11,24) (10,48) (10,35) (10,30) (10,17) (9,47) (9,14) (8,18) (6,49) (6,34) (6,11) (6,10) (5,27) (4,9) (3,42) (3,26) (2,39) (2,19) (2,15) (1,25) (1,22) 
5) 23(28): (31,32) (15,39) (15,33) (13,43) (12,49) (12,40) (12,39) (11,45) (11,42) (11,36) (10,34) (9,24) (8,14) (6,40) (6,32) (5,43) (5,40) (4,39) (4,22) (2,41) (2,37) (2,31) (2,20) (1,29) (1,9) (0,26) (0,15) (0,14) 

===============================================================================


				    SAMPLE 5 
Number of colors of the found solution: 4
SOLUTION: 3 0 13 4 
GRAPH ----------------------------------------
position) color(freq): (arcs)
0) 3(35): (44,45) (40,47) (38,49) (36,40) (35,49) (34,43) (31,34) (28,44) (28,29) (27,28) (23,49) (23,39) (21,48) (20,48) (19,39) (18,43) (18,36) (17,31) (17,20) (13,34) (11,38) (10,11) (9,45) (7,40) (6,32) (5,42) (5,15) (5,11) (4,36) (3,17) (3,10) (1,15) (1,11) (0,46) (0,27) 
1) 0(32): (41,45) (41,44) (36,46) (35,47) (33,49) (28,34) (26,33) (24,31) (23,46) (20,26) (19,20) (18,39) (17,39) (16,38) (15,21) (14,31) (12,26) (11,46) (9,41) (7,49) (7,30) (7,8) (6,17) (6,14) (4,41) (4,13) (3,32) (3,4) (2,15) (2,5) (1,38) (1,35) 
2) 13(27): (37,43) (34,49) (25,47) (25,33) (25,31) (23,30) (22,38) (22,32) (21,33) (18,28) (16,25) (15,47) (15,26) (14,41) (13,46) (12,28) (11,35) (8,46) (7,10) (5,9) (3,15) (2,20) (1,37) (1,8) (0,39) (0,24) (0,22) 
3) 4(22): (43,45) (42,44) (38,48) (34,39) (31,32) (24,26) (19,43) (18,25) (17,49) (17,46) (17,30) (14,25) (12,36) (11,31) (10,27) (6,27) (1,47) (1,41) (1,29) (0,48) (0,21) (0,10) 

===============================================================================


				    SAMPLE 6 
Number of colors of the found solution: 4
SOLUTION: 8 17 23 21 
GRAPH ----------------------------------------
position) color(freq): (arcs)
0) 8(33): (38,47) (37,43) (35,43) (33,45) (32,34) (31,38) (31,35) (30,47) (30,40) (30,35) (27,44) (24,37) (21,47) (21,41) (21,37) (20,49) (19,22) (17,47) (17,21) (15,34) (10,17) (9,46) (9,26) (9,12) (9,11) (7,10) (4,33) (3,37) (3,36) (2,47) (2,42) (1,17) (0,18) 
1) 17(33): (38,42) (34,48) (33,48) (30,43) (29,31) (27,45) (27,32) (25,49) (23,34) (20,25) (18,41) (14,45) (14,24) (14,20) (13,37) (13,27) (10,15) (9,30) (8,40) (8,30) (7,22) (7,14) (6,46) (5,24) (5,14) (4,43) (4,17) (4,16) (3,33) (2,49) (1,47) (1,22) (0,3) 
2) 23(31): (42,48) (30,31) (29,44) (28,29) (26,35) (23,46) (23,38) (23,37) (22,26) (20,35) (20,33) (20,30) (16,38) (16,28) (15,46) (15,30) (14,35) (14,33) (14,19) (12,34) (11,28) (10,21) (8,12) (7,13) (6,41) (5,31) (3,19) (3,7) (1,19) (0,39) (0,22) 
3) 21(27): (35,40) (31,34) (25,33) (24,46) (23,45) (23,33) (18,47) (17,24) (13,43) (11,22) (10,49) (9,36) (9,24) (9,16) (9,10) (8,17) (7,24) (5,49) (5,34) (3,49) (3,39) (3,21) (3,9) (2,5) (1,29) (1,15) (0,1) 

===============================================================================


				    SAMPLE 7 
Number of colors of the found solution: 5
SOLUTION: 18 1 20 22 15 
GRAPH ----------------------------------------
position) color(freq): (arcs)
0) 18(30): (28,48) (24,31) (24,26) (19,41) (18,43) (18,30) (18,20) (17,27) (16,48) (16,43) (16,19) (14,20) (13,23) (12,45) (11,34) (11,20) (10,22) (9,45) (9,31) (9,28) (8,44) (7,28) (6,38) (5,7) (4,41) (4,9) (4,6) (3,24) (2,5) (1,47) 
1) 1(28): (23,45) (23,42) (20,35) (19,24) (18,21) (17,42) (17,26) (15,49) (15,48) (14,26) (11,46) (11,33) (10,25) (8,38) (8,33) (8,12) (6,15) (5,30) (5,21) (4,17) (3,22) (3,11) (2,39) (2,38) (2,25) (2,18) (1,18) (0,40) 
2) 20(28): (36,45) (25,40) (25,38) (23,48) (23,39) (23,32) (19,42) (18,36) (16,30) (15,29) (15,25) (15,17) (14,42) (13,28) (11,16) (9,42) (7,27) (7,18) (7,10) (6,45) (6,36) (5,12) (4,23) (2,41) (2,17) (1,44) (0,32) (0,21) 
3) 22(22): (24,41) (20,29) (16,40) (16,18) (15,44) (15,28) (14,32) (14,25) (10,34) (10,24) (9,19) (9,17) (7,19) (6,48) (6,19) (4,44) (4,39) (3,47) (3,37) (2,37) (2,22) (1,46) 
4) 15(18): (25,35) (21,43) (19,31) (19,30) (19,28) (18,26) (15,22) (13,33) (13,17) (11,47) (9,44) (9,21) (7,44) (6,7) (5,32) (4,16) (1,49) (1,20) 

===============================================================================


				    SAMPLE 8 
Number of colors of the found solution: 5
SOLUTION: 22 12 11 2 23 
GRAPH ----------------------------------------
position) color(freq): (arcs)
0) 22(34): (31,42) (26,48) (24,31) (23,32) (23,24) (20,47) (20,30) (19,29) (18,19) (16,36) (16,33) (13,26) (13,15) (12,40) (11,17) (10,16) (9,22) (8,29) (7,43) (7,19) (6,32) (6,15) (5,38) (5,34) (5,25) (5,14) (3,40) (2,45) (2,42) (2,37) (2,12) (2,7) (0,19) (0,13) 
1) 12(31): (24,30) (24,25) (23,38) (22,30) (21,48) (21,44) (20,49) (19,40) (19,31) (17,35) (17,25) (16,47) (15,47) (15,43) (14,35) (13,41) (13,17) (11,44) (10,43) (10,42) (9,33) (7,31) (7,9) (6,12) (5,18) (4,40) (4,21) (3,39) (3,29) (3,7) (1,4) 
2) 11(25): (22,36) (19,27) (18,22) (17,39) (16,35) (15,37) (15,24) (15,21) (12,48) (12,47) (12,28) (12,13) (11,49) (9,10) (7,41) (5,24) (3,45) (3,4) (2,29) (2,24) (2,4) (1,27) (1,15) (0,42) (0,17) 
3) 2(21): (35,36) (24,34) (23,49) (22,28) (21,35) (19,24) (17,37) (16,26) (15,30) (8,46) (8,22) (7,29) (6,37) (6,7) (5,44) (5,22) (4,48) (4,22) (3,11) (1,42) (0,30) 
4) 23(21): (23,36) (22,27) (20,28) (19,46) (19,22) (17,46) (17,42) (14,39) (14,15) (12,25) (12,16) (11,21) (11,15) (10,48) (8,33) (7,32) (7,21) (5,27) (4,16) (3,49) (3,41) 

===============================================================================


				    SAMPLE 9 
Number of colors of the found solution: 4
SOLUTION: 4 13 1 24 
GRAPH ----------------------------------------
position) color(freq): (arcs)
0) 4(34): (40,47) (35,40) (34,44) (27,40) (22,28) (21,33) (21,23) (19,25) (18,48) (17,21) (16,36) (16,31) (16,24) (16,23) (15,46) (12,28) (11,48) (11,23) (10,27) (10,25) (9,44) (9,27) (7,29) (6,14) (4,45) (4,33) (3,38) (2,26) (2,11) (1,47) (1,26) (1,23) (1,18) (0,19) 
1) 13(30): (42,47) (34,47) (32,36) (29,47) (27,38) (26,46) (26,45) (26,36) (23,41) (22,32) (21,31) (18,40) (17,44) (14,45) (14,42) (11,47) (10,28) (10,13) (8,24) (8,19) (7,46) (7,30) (6,21) (5,42) (3,45) (3,9) (2,43) (1,19) (0,47) (0,20) 
2) 1(26): (36,38) (33,34) (28,43) (25,31) (21,32) (20,25) (18,21) (17,41) (17,36) (16,41) (15,16) (13,39) (13,30) (13,25) (12,46) (11,49) (10,12) (7,33) (7,21) (7,20) (5,49) (4,43) (4,15) (2,39) (2,25) (1,49) 
3) 24(29): (45,48) (35,49) (35,45) (34,41) (34,35) (32,44) (26,43) (24,49) (20,45) (19,33) (19,29) (18,37) (16,45) (16,19) (15,18) (14,40) (13,24) (12,40) (12,18) (11,15) (10,45) (6,47) (6,44) (6,43) (6,24) (4,37) (4,24) (3,28) (1,28) 

===============================================================================


				    SAMPLE 10 
Number of colors of the found solution: 5
SOLUTION: 6 12 18 2 11 
GRAPH ----------------------------------------
position) color(freq): (arcs)
0) 6(36): (24,43) (24,25) (23,36) (23,32) (22,47) (20,43) (20,34) (18,47) (16,34) (15,31) (15,18) (14,21) (13,45) (12,29) (12,21) (11,47) (11,13) (10,49) (10,42) (10,15) (8,43) (8,42) (8,28) (8,21) (8,12) (7,46) (6,48) (6,24) (5,24) (4,47) (4,45) (3,43) (1,41) (0,34) (0,10) (0,2) 
1) 12(30): (39,43) (37,39) (24,42) (24,41) (24,34) (24,27) (20,46) (19,46) (19,37) (18,40) (16,41) (15,40) (14,25) (13,37) (13,23) (10,28) (9,28) (9,16) (8,47) (7,43) (7,42) (7,38) (6,8) (5,34) (5,26) (5,20) (3,49) (2,26) (1,39) (0,21) 
2) 18(33): (24,39) (24,36) (24,35) (21,31) (21,26) (18,25) (17,37) (17,33) (17,32) (17,29) (17,28) (15,44) (15,23) (14,15) (13,36) (13,34) (12,33) (9,13) (8,13) (7,12) (7,8) (6,34) (6,15) (4,43) (3,9) (3,4) (2,32) (2,22) (1,21) (0,49) (0,43) (0,27) (0,13) 
3) 2(24): (29,30) (28,46) (24,49) (22,45) (19,44) (18,21) (16,47) (16,36) (15,41) (15,39) (15,30) (13,33) (13,22) (12,32) (10,41) (7,37) (7,29) (5,16) (2,48) (2,7) (1,49) (1,35) (1,22) (1,11) 
4) 11(22): (33,35) (21,45) (21,43) (20,21) (19,42) (17,23) (16,30) (13,21) (11,45) (11,19) (11,17) (9,25) (9,15) (6,28) (4,38) (3,37) (3,29) (3,16) (2,46) (2,25) (1,32) (0,35) 

===============================================================================



************************ SPERIMENTALS EXECUTING VALUES: ************************

			   Average Value: 4.600000
			   Average Time (msec): 15.300000
