50 12

				    SAMPLE 1 
Number of colors of the found solution: 3
SOLUTION: 8 5 4 
GRAPH ----------------------------------------
position) color(freq): (arcs)
0) 8(61): (39,42) (38,48) (38,43) (35,39) (33,36) (31,48) (31,47) (31,33) (28,45) (28,43) (28,40) (28,37) (26,34) (26,31) (26,30) (25,46) (24,30) (24,29) (23,29) (22,35) (22,28) (22,26) (21,37) (20,25) (19,31) (18,42) (17,38) (16,49) (15,45) (12,20) (11,41) (11,32) (11,20) (9,25) (9,22) (8,35) (8,34) (8,10) (7,42) (7,33) (7,27) (6,39) (6,8) (5,46) (5,38) (5,37) (5,33) (3,34) (3,6) (2,10) (1,31) (1,26) (0,47) (0,45) (0,36) (0,34) (0,19) (0,17) (0,15) (0,12) (0,11) 
1) 5(56): (42,43) (40,48) (38,46) (31,45) (30,46) (30,40) (29,40) (28,49) (28,33) (26,27) (25,37) (22,43) (22,23) (21,45) (20,23) (19,44) (18,48) (18,47) (18,28) (18,21) (17,36) (17,23) (16,21) (14,43) (13,23) (13,22) (11,47) (11,25) (11,24) (10,27) (9,32) (8,47) (8,43) (8,21) (7,41) (7,34) (7,32) (6,24) (6,9) (4,45) (4,34) (4,27) (4,18) (3,47) (3,39) (3,36) (3,28) (2,47) (2,25) (2,20) (1,41) (1,34) (1,33) (1,17) (1,14) (0,9) 
2) 4(51): (43,44) (36,42) (36,38) (34,43) (33,41) (32,38) (31,36) (30,34) (29,36) (27,31) (26,47) (26,39) (26,32) (24,47) (24,37) (18,35) (17,41) (14,48) (14,24) (14,20) (14,18) (13,44) (13,39) (13,17) (11,45) (10,41) (10,36) (10,23) (10,15) (10,14) (8,39) (7,46) (7,44) (6,34) (6,32) (5,47) (5,31) (5,18) (4,25) (3,45) (3,15) (3,5) (2,5) (1,43) (1,42) (1,35) (1,30) (1,23) (0,13) (0,5) (0,2) 

===============================================================================


				    SAMPLE 2 
Number of colors of the found solution: 3
SOLUTION: 4 2 8 
GRAPH ----------------------------------------
position) color(freq): (arcs)
0) 4(54): (36,42) (35,44) (34,45) (33,38) (32,41) (31,38) (30,48) (27,30) (26,45) (26,37) (21,39) (20,29) (19,45) (19,32) (19,25) (18,24) (17,43) (17,26) (17,25) (16,40) (16,38) (15,28) (15,21) (14,33) (14,30) (12,28) (12,21) (11,39) (11,27) (11,19) (10,40) (10,33) (10,23) (10,12) (8,42) (8,24) (8,20) (7,44) (7,43) (7,38) (7,28) (6,38) (6,27) (5,36) (5,21) (5,13) (4,15) (3,45) (3,32) (2,49) (2,14) (1,24) (1,6) (0,28) 
1) 2(61): (38,45) (35,37) (32,40) (32,33) (31,32) (29,48) (28,38) (27,39) (23,33) (21,49) (20,46) (20,44) (19,47) (19,24) (18,36) (18,22) (16,28) (16,21) (15,39) (15,33) (14,47) (14,34) (14,25) (14,24) (13,42) (13,37) (10,45) (10,32) (10,24) (10,22) (9,44) (9,13) (8,45) (8,37) (8,28) (8,11) (6,45) (6,40) (6,37) (5,40) (5,34) (5,31) (5,26) (5,14) (4,40) (4,13) (3,47) (3,13) (2,46) (2,5) (1,46) (1,35) (1,31) (1,29) (1,22) (1,3) (0,48) (0,46) (0,29) (0,20) (0,18) 
2) 8(36): (43,47) (39,48) (35,36) (34,46) (33,45) (32,44) (27,29) (24,45) (20,45) (20,25) (16,39) (16,32) (14,40) (14,38) (14,36) (12,47) (11,23) (9,36) (8,47) (8,39) (8,38) (8,22) (7,21) (6,23) (5,15) (4,18) (4,12) (3,49) (3,29) (2,21) (1,38) (1,23) (1,7) (0,42) (0,41) (0,17) 

===============================================================================


				    SAMPLE 3 
Number of colors of the found solution: 3
SOLUTION: 1 6 9 
GRAPH ----------------------------------------
position) color(freq): (arcs)
0) 1(69): (29,36) (17,23) (16,35) (15,42) (15,39) (15,36) (15,20) (14,39) (14,36) (14,34) (14,19) (13,47) (13,46) (13,45) (13,35) (13,24) (13,19) (13,18) (12,31) (12,16) (12,15) (11,46) (11,44) (11,25) (11,16) (10,44) (10,36) (10,19) (9,34) (9,32) (9,15) (8,19) (7,49) (7,47) (7,37) (7,23) (7,22) (7,14) (6,49) (6,41) (6,29) (6,20) (6,19) (6,16) (5,43) (5,23) (5,17) (4,49) (4,48) (4,47) (4,36) (4,22) (4,18) (4,12) (4,11) (3,47) (3,36) (3,32) (3,31) (2,42) (2,28) (2,7) (1,38) (1,20) (1,17) (0,30) (0,19) (0,15) (0,10) 
1) 6(52): (28,40) (23,25) (16,19) (15,33) (15,27) (14,21) (14,20) (13,41) (13,39) (13,32) (12,48) (12,46) (12,44) (12,38) (12,33) (12,30) (12,24) (12,17) (11,49) (11,32) (10,45) (10,41) (10,40) (10,34) (10,30) (10,26) (10,15) (9,48) (9,19) (8,11) (8,10) (7,35) (7,28) (7,21) (7,20) (7,12) (6,27) (6,23) (5,40) (5,35) (5,33) (5,26) (4,40) (3,24) (2,33) (2,31) (2,26) (2,19) (2,4) (1,26) (0,45) (0,41) 
2) 9(52): (16,38) (16,36) (16,33) (16,21) (16,18) (15,34) (14,40) (14,25) (14,23) (13,38) (13,27) (12,26) (11,42) (10,48) (10,37) (9,44) (9,20) (9,16) (8,48) (8,40) (8,32) (8,22) (7,45) (7,43) (7,42) (7,19) (6,45) (6,35) (6,33) (6,12) (5,34) (5,31) (4,35) (4,20) (4,10) (3,48) (3,45) (3,19) (3,18) (2,47) (2,39) (2,17) (1,37) (1,34) (1,23) (1,15) (1,14) (0,47) (0,42) (0,40) (0,28) (0,13) 

===============================================================================


				    SAMPLE 4 
Number of colors of the found solution: 3
SOLUTION: 0 10 5 
GRAPH ----------------------------------------
position) color(freq): (arcs)
0) 0(61): (35,39) (28,32) (18,39) (17,43) (16,49) (16,36) (16,33) (16,25) (16,19) (15,45) (15,44) (15,41) (14,16) (13,45) (13,30) (12,44) (12,34) (12,32) (11,27) (11,26) (11,20) (10,43) (10,40) (10,24) (9,20) (9,13) (8,25) (8,9) (7,31) (7,30) (7,27) (6,27) (6,9) (5,45) (5,44) (5,31) (5,29) (5,18) (4,48) (4,47) (4,23) (3,49) (3,46) (3,45) (3,44) (3,21) (2,23) (2,4) (1,37) (1,33) (1,19) (1,8) (0,47) (0,44) (0,43) (0,32) (0,21) (0,16) (0,6) (0,5) (0,4) 
1) 10(60): (24,48) (22,48) (22,37) (17,22) (16,31) (16,17) (15,47) (15,29) (14,29) (13,46) (13,36) (12,36) (11,23) (11,21) (10,30) (10,17) (10,15) (9,47) (9,46) (9,32) (9,23) (9,18) (9,17) (8,40) (8,26) (8,19) (7,42) (7,39) (7,33) (7,15) (6,49) (6,47) (6,44) (6,41) (6,35) (6,34) (6,29) (6,20) (6,15) (5,49) (5,27) (5,12) (5,8) (4,34) (4,28) (4,18) (4,13) (3,28) (3,27) (3,9) (3,7) (2,16) (2,15) (1,25) (1,16) (1,14) (1,10) (0,45) (0,42) (0,2) 
2) 5(58): (20,28) (15,38) (15,30) (15,18) (13,22) (13,20) (13,18) (12,47) (12,31) (12,27) (11,46) (11,28) (11,25) (11,16) (11,15) (10,41) (10,27) (10,20) (10,18) (9,28) (8,38) (8,31) (8,28) (8,27) (7,49) (7,36) (7,29) (7,26) (7,14) (7,9) (6,33) (6,14) (6,8) (5,26) (5,22) (5,20) (5,10) (4,40) (4,20) (4,19) (4,17) (3,33) (3,29) (3,13) (2,45) (2,38) (2,34) (2,28) (2,27) (2,17) (2,10) (2,3) (1,21) (1,20) (0,36) (0,34) (0,22) (0,8) 

===============================================================================


				    SAMPLE 5 
Number of colors of the found solution: 3
SOLUTION: 1 2 10 
GRAPH ----------------------------------------
position) color(freq): (arcs)
0) 1(62): (44,45) (40,47) (38,49) (38,48) (38,46) (36,40) (35,49) (35,46) (34,43) (34,39) (34,36) (31,34) (29,46) (28,44) (28,42) (28,29) (27,34) (27,28) (24,29) (24,26) (23,49) (23,39) (21,48) (21,37) (21,28) (20,48) (19,39) (18,43) (18,36) (17,31) (17,20) (16,23) (14,33) (13,34) (13,16) (12,44) (12,33) (11,38) (11,32) (10,14) (10,11) (9,45) (9,23) (9,14) (8,21) (7,40) (6,32) (6,22) (5,42) (5,20) (5,15) (5,11) (4,36) (3,41) (3,17) (3,10) (2,41) (1,15) (1,11) (0,46) (0,27) (0,21) 
1) 2(43): (43,45) (42,44) (37,38) (33,47) (31,32) (30,33) (26,37) (23,35) (22,29) (20,23) (19,43) (18,25) (17,49) (17,46) (17,30) (15,46) (15,42) (14,25) (13,40) (13,22) (12,36) (11,31) (11,29) (10,35) (10,27) (9,31) (7,13) (6,27) (6,18) (5,35) (5,12) (4,40) (4,23) (4,20) (4,18) (2,23) (2,21) (1,47) (1,41) (1,29) (0,48) (0,45) (0,10) 
2) 10(42): (44,49) (34,47) (33,36) (31,46) (28,46) (26,40) (24,45) (23,26) (21,41) (19,44) (18,42) (18,27) (15,28) (14,40) (14,36) (14,23) (14,17) (10,19) (9,25) (9,24) (8,37) (8,19) (7,19) (6,49) (6,47) (6,43) (6,36) (6,7) (5,41) (4,22) (4,15) (3,34) (2,47) (2,45) (2,44) (2,6) (1,9) (0,44) (0,34) (0,32) (0,12) (0,6) 

===============================================================================


				    SAMPLE 6 
Number of colors of the found solution: 2
SOLUTION: 8 11 
GRAPH ----------------------------------------
position) color(freq): (arcs)
0) 8(64): (42,49) (40,41) (38,42) (37,38) (36,39) (36,38) (35,41) (34,48) (33,48) (30,43) (29,31) (27,45) (27,32) (27,29) (26,44) (25,49) (23,34) (22,43) (21,30) (20,25) (19,40) (19,33) (18,45) (18,41) (18,35) (17,25) (14,45) (14,24) (14,20) (13,37) (13,27) (13,21) (13,18) (10,15) (9,44) (9,31) (9,30) (8,40) (8,36) (8,30) (8,25) (7,22) (7,19) (7,14) (6,46) (6,33) (6,13) (6,9) (5,35) (5,24) (5,17) (5,14) (4,43) (4,17) (4,16) (3,33) (3,6) (2,49) (2,40) (1,47) (1,22) (1,9) (0,28) (0,3) 
1) 11(54): (42,48) (41,47) (37,47) (30,31) (29,44) (28,29) (26,36) (26,35) (24,30) (23,46) (23,38) (23,37) (22,26) (20,35) (20,33) (20,30) (19,35) (16,38) (16,28) (15,46) (15,30) (14,35) (14,33) (14,32) (14,19) (13,48) (12,34) (12,14) (11,31) (11,28) (10,21) (9,42) (9,17) (8,33) (8,31) (8,18) (8,12) (7,13) (6,41) (6,32) (5,31) (5,29) (5,7) (3,43) (3,35) (3,19) (3,18) (3,7) (2,10) (1,19) (0,39) (0,26) (0,22) (0,17) 

===============================================================================


				    SAMPLE 7 
Number of colors of the found solution: 3
SOLUTION: 8 5 7 
GRAPH ----------------------------------------
position) color(freq): (arcs)
0) 8(58): (38,41) (34,40) (26,46) (25,30) (24,31) (24,29) (22,39) (22,30) (21,35) (20,39) (18,43) (18,38) (18,30) (18,20) (17,27) (17,20) (16,48) (16,43) (16,25) (16,19) (14,28) (13,36) (13,23) (11,44) (11,34) (11,20) (11,18) (10,47) (10,22) (9,45) (9,31) (9,28) (9,16) (8,44) (7,28) (7,15) (7,8) (6,38) (6,31) (6,21) (6,13) (5,7) (4,41) (4,18) (4,9) (4,8) (4,6) (3,45) (3,31) (3,25) (3,24) (3,17) (2,44) (2,33) (2,5) (1,47) (1,35) (0,41) 
1) 5(50): (24,40) (23,33) (21,49) (21,37) (20,47) (20,42) (19,46) (19,36) (19,34) (19,21) (18,49) (18,32) (17,47) (17,30) (16,17) (15,23) (14,29) (14,21) (13,43) (13,35) (13,15) (12,39) (12,27) (11,28) (11,26) (10,28) (10,26) (10,20) (9,41) (8,25) (8,15) (7,49) (7,48) (7,9) (5,44) (5,42) (5,39) (5,13) (3,36) (3,33) (3,19) (3,18) (3,10) (2,19) (1,39) (1,26) (1,9) (0,29) (0,25) (0,23) 
2) 7(45): (25,35) (25,31) (21,43) (21,29) (21,28) (19,31) (19,30) (19,28) (18,26) (17,44) (16,33) (15,41) (15,22) (14,45) (14,17) (13,38) (13,33) (13,17) (13,16) (12,37) (12,31) (12,13) (11,47) (11,23) (10,44) (9,49) (9,44) (9,21) (9,20) (7,44) (7,30) (7,11) (6,12) (6,9) (6,7) (5,32) (5,26) (4,48) (4,47) (4,31) (4,16) (4,12) (1,49) (1,20) (0,10) 

===============================================================================


				    SAMPLE 8 
Number of colors of the found solution: 3
SOLUTION: 10 5 6 
GRAPH ----------------------------------------
position) color(freq): (arcs)
0) 10(60): (36,40) (34,46) (31,42) (26,48) (24,31) (23,48) (23,47) (23,41) (23,32) (23,24) (22,39) (22,24) (21,39) (20,47) (20,21) (19,29) (19,25) (19,23) (18,19) (17,49) (16,36) (16,33) (15,20) (14,30) (13,26) (13,15) (12,40) (11,26) (11,17) (10,30) (10,16) (9,40) (9,39) (9,22) (9,21) (9,17) (8,45) (8,29) (7,47) (7,44) (7,43) (7,19) (6,32) (6,23) (5,38) (5,28) (5,25) (5,14) (4,47) (4,32) (3,40) (3,10) (2,45) (2,37) (2,36) (2,13) (2,12) (1,26) (0,19) (0,13) 
1) 5(60): (27,38) (24,25) (23,46) (22,42) (22,36) (21,48) (21,44) (19,42) (19,27) (18,35) (18,31) (18,22) (17,39) (17,35) (16,35) (15,47) (15,37) (15,24) (15,21) (14,35) (14,17) (13,23) (12,48) (12,47) (12,37) (12,35) (12,28) (12,13) (11,49) (11,44) (10,43) (10,42) (9,33) (9,14) (9,10) (7,49) (7,41) (7,31) (7,9) (6,12) (5,46) (5,24) (4,40) (4,21) (3,45) (3,39) (3,35) (3,29) (3,7) (3,4) (2,29) (2,24) (2,4) (1,39) (1,27) (1,19) (1,15) (0,42) (0,23) (0,17) 
2) 6(52): (39,49) (24,30) (23,44) (23,38) (23,29) (22,37) (22,32) (22,30) (22,25) (21,33) (20,49) (20,32) (19,40) (19,31) (18,34) (18,26) (18,25) (17,43) (17,25) (17,24) (16,47) (16,45) (15,43) (15,17) (13,41) (13,37) (13,34) (13,32) (13,20) (13,17) (12,24) (11,18) (10,41) (9,35) (8,42) (8,14) (7,30) (7,22) (6,46) (6,41) (5,45) (5,39) (5,31) (5,18) (4,31) (3,42) (2,8) (2,6) (1,37) (1,12) (1,4) (0,36) 

===============================================================================


				    SAMPLE 9 
Number of colors of the found solution: 3
SOLUTION: 2 4 11 
GRAPH ----------------------------------------
position) color(freq): (arcs)
0) 2(62): (41,48) (41,46) (40,47) (36,45) (36,40) (35,40) (34,49) (34,44) (31,35) (28,37) (28,31) (28,30) (27,40) (27,37) (27,29) (22,28) (22,26) (21,33) (21,23) (20,48) (20,46) (20,38) (19,43) (18,48) (18,46) (18,38) (18,35) (17,21) (16,36) (16,24) (16,23) (15,46) (15,27) (14,35) (13,49) (13,38) (12,28) (12,26) (11,48) (11,25) (11,23) (10,27) (10,25) (9,44) (9,35) (9,27) (8,33) (7,36) (7,29) (5,19) (4,45) (4,33) (3,38) (3,37) (2,26) (2,11) (1,26) (1,23) (1,22) (1,18) (0,30) (0,19) 
1) 4(59): (46,48) (38,42) (35,46) (34,40) (33,49) (31,48) (31,38) (29,43) (28,48) (28,42) (27,46) (27,31) (25,40) (24,46) (23,49) (23,39) (22,43) (21,46) (20,47) (19,48) (18,36) (15,48) (15,29) (15,26) (14,17) (13,48) (13,46) (13,44) (13,23) (12,44) (12,42) (12,39) (11,34) (11,26) (10,43) (10,18) (10,11) (9,43) (9,24) (9,20) (9,15) (8,41) (7,49) (7,34) (7,13) (6,33) (6,29) (6,12) (6,8) (5,45) (5,40) (5,35) (3,25) (2,42) (2,41) (2,37) (2,22) (2,17) (0,26) 
2) 11(59): (45,48) (44,46) (40,48) (40,46) (35,49) (35,45) (35,38) (34,46) (34,41) (34,35) (33,41) (32,44) (26,43) (25,43) (25,37) (24,49) (24,32) (22,45) (22,36) (20,45) (19,44) (19,33) (19,29) (18,44) (18,37) (18,24) (16,45) (16,19) (15,42) (15,18) (14,40) (13,24) (12,40) (12,18) (11,15) (10,45) (10,19) (9,48) (9,28) (9,21) (8,36) (7,22) (6,47) (6,44) (6,43) (6,24) (6,18) (6,15) (5,48) (5,31) (5,30) (4,37) (4,24) (3,28) (3,21) (2,20) (2,13) (2,10) (1,28) 

===============================================================================


				    SAMPLE 10 
Number of colors of the found solution: 3
SOLUTION: 5 7 10 
GRAPH ----------------------------------------
position) color(freq): (arcs)
0) 5(58): (39,43) (33,35) (24,34) (24,28) (23,33) (21,45) (21,43) (20,46) (20,21) (19,46) (19,42) (19,37) (18,40) (17,43) (17,23) (16,30) (15,48) (15,43) (15,40) (14,25) (14,18) (13,23) (13,21) (11,45) (11,19) (11,17) (11,14) (10,43) (10,28) (10,12) (9,25) (9,21) (9,16) (9,15) (7,38) (7,36) (7,23) (6,42) (6,28) (5,34) (5,26) (5,20) (4,38) (4,32) (3,49) (3,37) (3,36) (3,29) (3,16) (3,13) (3,10) (2,46) (2,26) (2,25) (1,39) (1,32) (1,26) (0,35) 
1) 7(45): (29,32) (23,44) (23,34) (22,33) (21,46) (21,24) (19,28) (18,46) (18,31) (16,44) (16,25) (15,49) (14,33) (12,47) (12,27) (12,23) (12,13) (10,47) (10,30) (10,11) (9,43) (9,27) (8,46) (8,41) (7,49) (7,47) (7,41) (7,34) (7,21) (6,7) (5,32) (5,27) (4,46) (4,36) (4,6) (3,41) (3,32) (3,14) (2,44) (2,24) (2,14) (1,27) (1,24) (1,7) (0,23) 
2) 10(45): (34,45) (29,41) (24,30) (23,43) (23,28) (23,24) (22,40) (21,32) (19,48) (19,25) (18,29) (16,31) (16,28) (16,19) (14,46) (14,44) (14,37) (13,31) (13,15) (12,45) (12,36) (12,34) (11,38) (11,34) (11,25) (11,21) (9,36) (8,49) (8,24) (7,48) (7,35) (7,20) (6,43) (6,10) (5,8) (4,44) (3,26) (3,20) (2,38) (2,33) (1,42) (1,36) (1,23) (0,31) (0,14) 

===============================================================================



************************ SPERIMENTALS EXECUTING VALUES: ************************

			   Average Value: 2.900000
			   Average Time (msec): 16.200000
